3.000000 2.714286
2.531915 2.714286
2.531915 2.407166
2.317743 2.407166
2.317743 2.251469
2.201128 2.251469
2.201128 2.162170
2.131585 2.162170
2.131585 2.107301
2.087847 2.107301
2.087847 2.072149
2.059410 2.072149
2.059410 2.049023
2.040521 2.049023
2.040521 2.033541
2.027796 2.033541
2.027796 2.023056
2.019140 2.023056
2.019140 2.015899
2.013214 2.015899
2.013214 2.010988
2.009140 2.010988
2.009140 2.007605
2.006329 2.007605
2.006329 2.005269
2.004387 2.005269
2.004387 2.003653
2.003042 2.003653
2.003042 2.002534
2.002111 2.002534
2.002111 2.001758
2.001465 2.001758
2.001465 2.001220
2.001017 2.001220
2.001017 2.000847
2.000706 2.000847
2.000706 2.000588
2.000490 2.000588
2.000490 2.000408
2.000340 2.000408
2.000340 2.000284
2.000236 2.000284
2.000236 2.000197
2.000164 2.000197
2.000164 2.000137
2.000114 2.000137
2.000114 2.000095
2.000079 2.000095
2.000079 2.000066
2.000055 2.000066
2.000055 2.000046
2.000038 2.000046
2.000038 2.000032
2.000026 2.000032
2.000026 2.000022
2.000018 2.000022
2.000018 2.000015
2.000013 2.000015
2.000013 2.000011
2.000009 2.000011
2.000009 2.000007
2.000006 2.000007
2.000006 2.000005
2.000004 2.000005
2.000004 2.000004
2.000003 2.000004
2.000003 2.000002
2.000002 2.000002
2.000002 2.000002
2.000001 2.000002
2.000001 2.000001
2.000001 2.000001
2.000001 2.000001
2.000001 2.000001
2.000001 2.000001
2.000000 2.000001
2.000000 2.000000
2.000000 2.000000
2.000000 2.000000
2.000000 2.000000
2.000000 2.000000
2.000000 2.000000
2.000000 2.000000
2.000000 2.000000
2.000000 2.000000
2.000000 2.000000
2.000000 2.000000
2.000000 2.000000
2.000000 2.000000
2.000000 2.000000
2.000000 2.000000
2.000000 2.000000
2.000000 2.000000
2.000000 2.000000
2.000000 2.000000
2.000000 2.000000
2.000000 2.000000
2.000000 2.000000
2.000000 2.000000
2.000000 2.000000
